282388,
475342,
643173,
643175,
643177,
480167,
672147,
672149,
672152,
576514,
284206,
284590,
331600,
643171,
643174,
643176,
799829,
403878,
403879,
404588,
404589,
406051,
411240,
440549,
483431,
575017,
643103,
643105,
643106,
643107,
643108,
643109,
672150,
799046,
799047,
799830,
376335,
366602,
406050,
406060,
643104,
643172,
672148,
672151,
1045401,
1045402,
1045404,
1045403,
1045405,
1045406,
1045408,
1045407,
1243000,
1243003,
1243006,
1243007,
1243011,
1243013,
1243004,
1243010,
1243012,
1243014,
1242999,
1430442,
1430445,
1430447,
1430448,
1430450,
1430452,
1430454,
1430456,
1430446,
1430449,
1430451,
1430453,
1430455,
1430457,
1430438,
2178263,
2178264,
2178266,
134547,
1726096,
1726097,
1726099,
1726100,
1726102,
790322,
790699,
1804999,
1805000,
1805001,
1805002,
1805003,
1805004,
1805006,
1805007,
1805008,
1805009,
1805011,
1805012,
1805013,
1805014,
1805015,
1805016,
1114694,
1114695,
1114697,
1114696,
1439850,
1439851,
1592726,
1592727,
253337,
2046143,
544556,
437105,
2268042,
1657065,
1657066,
1657067,
1657068,
1657069,
1657070,
1657073,
1657074,
1995465,
1995466,
249817,
252625,
562414,
7299,
211679,
213635,
213636,
213699,
244267,
244268,
244398,
246749,
247442,
247638,
247885,
248829,
249426,
249511,
249535,
249576,
251172,
251191,
251694,
262191,
283616,
311928,
311929,
311931,
311933,
316332,
317436,
328185,
328446,
329136,
331582,
335168,
335272,
335275,
335276,
335277,
335279,
336762,
336873,
339995,
346258,
346259,
347975,
351329,
351355,
351356,
351358,
351359,
351492,
351493,
351699,
351922,
358618,
384674,
419129,
486118,
792119,
825186,
247436,
249597,
251365,
545494,
311888,
313943,
313947,
314124,
314994,
315156,
347798,
389116,
562768,
244399,
1999890,
244266,
247726,
251357,
251427,
252341,
252494,
419128,
485348,
657561,
248677,
1622,
2105777,
2105779,
2105780,
2105782,
2105783,
2105785,
2539799,
2539801,
103273,
106010,
106022,
106078,
107035,
108097,
108099,
569262,
569272,
198019,
198021,
199894,
792117,
204423,
204598,
204600,
204602,
204874,
205198,
205342,
205973,
205975,
205976,
206396,
575293,
206509,
206510,
206511,
206512,
206513,
206514,
206515,
206516,
206517,
206519,
206520,
206522,
206523,
206524,
206525,
206526,
206527,
575547,
575294,
575675,
575274,
575413,
207638,
567348,
208588,
208589,
208590,
208591,
208592,
208593,
208598,
208599,
208600,
208601,
208602,
208677,
208683,
209717,
209763,
209764,
209765,
209769,
209771,
209772,
567352,
211677,
213701,
545492,
567349,
569259,
575412,
4556,
244400,
567341,
825188,
567343,
246746,
246747,
247450,
569269,
569261,
569271,
688699,
250066,
250188,
250321,
567344,
250612,
250694,
250725,
250726,
250727,
567345,
251120,
251850,
260302,
260384,
261990,
567346,
569263,
308274,
308486,
308487,
308488,
308489,
308490,
308491,
308493,
308494,
308495,
308496,
308498,
308501,
308502,
308514,
308771,
567234,
574624,
574679,
573562,
566858,
566859,
575237,
567354,
309679,
567355,
309680,
309681,
309694,
309695,
567356,
310594,
310595,
310596,
569273,
310680,
310681,
310685,
310687,
310688,
310857,
310865,
310866,
310867,
310873,
310874,
310875,
310880,
311930,
314002,
329600,
340208,
347690,
348336,
351071,
351357,
351491,
360584,
360865,
360968,
409356,
409513,
410015,
415989,
416654,
416662,
416900,
417302,
417303,
417304,
417397,
418151,
418324,
418912,
418914,
419048,
419694,
419844,
420888,
424101,
428339,
435829,
446635,
446642,
446643,
446645,
446648,
446650,
446672,
486113,
486115,
542227,
542229,
545082,
545083,
562302,
562635,
562636,
562666,
562770,
564288,
566856,
567340,
567347,
567350,
567353,
568390,
569260,
569264,
569270,
569340,
570298,
570344,
570345,
570349,
570351,
570352,
573503,
573504,
573564,
574103,
574173,
575295,
575411,
597006,
597008,
603755,
604028,
604029,
618045,
618046,
631713,
631715,
670296,
670299,
670305,
670307,
688661,
688663,
688701,
688702,
688704,
688706,
688708,
706941,
750178,
750180,
750182,
750184,
756318,
756319,
763093,
763095,
790877,
790879,
809813,
825190,
828344,
828346,
834308,
2055751,
1673563,
1673564,
1673566,
1726671,
1726672,
1726673,
1726675,
1726676,
2539290,
2539291,
2399105,
2399106,
2399108,
2201594,
2201595,
2201597,
2281302,
372635,
377745,
446673,
373038,
446640,
377468,
374806,
367248,
367247,
376029,
374807,
374782,
374798,
367323,
376030,
367219,
367278,
367245,
378748,
376031,
367297,
367295,
367430,
374708,
376826,
373023,
373024,
377611,
377612,
373025,
392932,
438429,
379446,
367389,
374668,
366140,
366141,
362410,
374699,
367251,
367279,
367255,
367254,
93249,
367280,
367266,
377469,
374698,
365817,
365820,
93250,
365819,
365818,
373028,
367264,
376267,
363850,
363849,
363848,
373027,
377671,
362345,
378593,
446661,
373026,
379384,
373032,
446663,
373029,
446666,
377433,
373031,
446668,
446679,
446682,
376117,
376116,
374762,
365829,
374686,
363740,
363743,
363742,
384619,
365811,
378643,
365323,
365358,
365322,
365354,
365321,
365317,
365325,
365313,
365355,
365319,
365350,
402712,
365349,
365324,
375450,
366132,
366135,
366129,
366130,
366137,
384615,
366136,
366131,
366139,
366138,
377718,
377726,
373033,
376397,
373034,
373035,
377714,
374385,
367411,
446670,
379383,
362161,
373030,
367317,
373037,
376403,
376326,
363658,
365810,
374690,
365813,
377774,
374526,
376517,
375179,
379198,
446684,
376404,
373039,
373041,
377772,
377773,
373040,
373016,
446649,
373018,
373019,
363795,
446644,
373020,
364088,
446636,
373022,
368778,
377395,
377775,
362138,
373017,
367388,
446641,
373021,
464934,
402725,
402747,
377876,
377332,
562634,
562665,
542228,
562413,
545493,
597007,
603754,
616937,
631714,
637692,
632295,
670297,
670306,
688662,
688700,
688707,
688703,
706940,
750183,
750179,
763094,
790878,
792118,
825189,
825185,
828345,
854992,
854995,
854997,
854994,
854996,
866041,
866042,
883523,
883522,
892118,
892116,
892117,
1009386,
1009391,
1009388,
1009392,
1009390,
1012996,
1009384,
1086278,
1089094,
1089098,
1089858,
1089101,
1089103,
1089102,
1089092,
1093252,
1093247,
1098397,
1116153,
1116150,
1116154,
1116152,
1117089,
1117090,
1117088,
1191379,
1191343,
1191393,
1191396,
1191403,
1191359,
1191342,
1191392,
1191395,
1191358,
2001994,
1290798,
1290802,
1294475,
1294474,
1304958,
1306919,
1358502,
1358503,
1358736,
1359344,
1359346,
1359348,
1359351,
1359355,
1358500,
1358505,
1358737,
1358746,
1358750,
1359343,
1359345,
1359347,
1359349,
1359350,
1359352,
1359356,
1359360,
1359363,
1366649,
1366645,
1366646,
1366652,
1366648,
1368278,
1368283,
1368280,
1368285,
1368282,
1374841,
1374842,
1376250,
1376249,
1427296,
1427298,
1427295,
1490693,
1544556,
1544557,
1544558,
1551410,
1551412,
1551414,
1551415,
1551417,
1551513,
1551514,
1551516,
1551517,
1551519,
1540337,
1540338,
1540340,
1540851,
1540852,
1540854,
1541112,
1541113,
1541115,
1542804,
1542805,
1542806,
1542991,
1542992,
1542994,
1543422,
1549474,
358258,
402243,
402244,
1804993,
1804994,
1804996,
1804997,
1147320,
1147323,
1147327,
1655961,
1655962,
1655964,
1655965,
1988785,
1988767,
1988768,
1988769,
1988770,
1988771,
1988772,
1988786,
1925493,
1925494,
1921217,
1921218,
1921221,
1921222,
1921224,
1921225,
1921228,
1828,
197422,
253113,
284425,
574864,
105550,
105551,
250530,
315503,
317620,
332701,
564077,
564078,
1729351,
1729353,
1729355,
1729356,
371165,
368542,
1812332,
1812334,
1812336,
1812337,
996051,
1001432,
1001433,
1376084,
1376083,
1790160,
1790161,
1790163,
1790164,
1790167,
1790168,
1790169,
1790170,
1790171,
1790172,
1790173,
1790174,
1790175,
1363269,
1363272,
1363275,
1363276,
1363280,
1363283,
1363273,
1363279,
1363281,
1363284,
1363312,
1363408,
1363409,
1363410,
1363268,
1364581,
1364580,
194000,
213292,
213293,
315557,
315558,
200327,
200328,
573202,
573203,
371250,
368280,
1723180,
1723182,
1723184,
1723185,
1723188,
1232150,
1232151,
1232154,
1232159,
1232156,
40048,
545125,
597195,
686161,
573495,
309005,
346209,
378363,
93698,
1940643,
1940644,
1940647,
1940648,
1940650,
1940651,
1940654,
328134,
349472,
358777,
2121058,
2121059,
2121060,
2121061,
402091,
576099,
378629,
402435,
1535458,
1535461,
1535464,
1535465,
1535462,
1535468,
1535457,
2472330,
121191,
316648,
318341,
485253,
2105829,
1927881,
1927883,
1927885,
1927887,
1927888,
1927890,
1927891,
1927892,
1927893,
1927894,
544717,
573051,
2273515,
1657861,
1657862,
1657863,
1657864,
1657865,
1657866,
1657867,
1657868,
1657657,
1657658,
1657659,
1657660,
1657661,
1657662,
1657663,
1657664,
2555,
205821,
566711,
309311,
328303,
1736852,
1736853,
1736854,
1736855,
1736856,
1736857,
376433,
93789,
2168403,
2168404,
2122630,
2122633,
2122634,
2122637,
2122638,
2122641,
2122635,
2122642,
2122647,
2122648,
2122649,
2122650,
2122654,
2122655,
2122656,
2122657,
2122658,
2122659,
2122660,
2122661,
44157,
315692,
240754,
1731084,
1731086,
44151,
486417,
486419,
544915,
544913,
1806666,
1806668,
1806670,
1806671,
1148495,
1148496,
1148498,
1148502,
1148500,
1148503,
1148504,
1148506,
1148505,
1148497,
1148501,
3002,
197549,
315746,
315747,
329664,
102948,
105555,
197550,
571139,
210570,
210639,
309623,
358855,
415569,
415570,
415571,
429015,
438828,
438830,
438831,
563185,
564082,
571074,
1734915,
1734916,
1734917,
1734918,
1734919,
1734920,
1734921,
2386858,
2386859,
377238,
376666,
371664,
367922,
368546,
1437968,
1437969,
1437967,
1942738,
1942743,
1942745,
1942748,
3041,
245255,
249364,
331779,
332422,
333668,
105580,
108359,
108360,
564515,
564516,
213044,
240416,
572983,
544940,
564102,
1731354,
1731355,
1731356,
1732360,
1732361,
1732363,
2285806,
2285807,
2285810,
371676,
362596,
363023,
362991,
544939,
968805,
968807,
968810,
968808,
1424911,
1424912,
1424916,
1425228,
1425224,
1424917,
1424918,
1425230,
1425229,
1424915,
1425225,
1727455,
1727475,
1727478,
1727479,
1727481,
1727482,
1727485,
3098,
1731336,
1731337,
1731338,
1731339,
1731340,
2375135,
2375139,
1726439,
1726440,
1721947,
1721948,
1721950,
1721951,
1721953,
1721954,
1721956,
1721957,
1721958,
1942739,
3109,
329674,
1812098,
1812099,
646828,
309650,
646830,
1736580,
1736582,
1732354,
1732355,
2285808,
2002002,
1232615,
1232617,
1998781,
1998782,
1998783,
2384452,
2384455,
2384457,
2384460,
2384461,
2384464,
2384458,
2384465,
12574,
15657,
636631,
644989,
2058857,
2058860,
2058861,
2058864,
2058865,
2058858,
2058863,
2058866,
2058867,
2058880,
2058881,
2058882,
2058883,
2058890,
2058891,
2058892,
2058893,
2058894,
2058895,
2058912,
2058918,
2058927,
2058928,
2058933,
2058934,
1718998,
1718999,
1719000,
1719002,
1719003,
1719004,
1719005,
1719011,
1719012,
1719013,
1719014,
1719015,
1720960,
1720961,
1720975,
1720977,
1806906,
1806907,
1806909,
1806910,
1148918,
72962,
151284,
313949,
1870937,
1870938,
1918045,
1860479,
1860480,
1860481,
1860482,
1860483,
1860484,
1860485,
1860486,
1860617,
1860619,
1861411,
564974,
329054,
414983,
452181,
376888,
362932,
1001404,
1001405,
1001406,
1093279,
1093280,
1101768,
1101769,
1101773,
1101771,
1101772,
1111070,
1111071,
1111073,
1111072,
2001099,
2001100,
2001101,
2001102,
3639,
1872061,
1872062,
1799302,
1799303,
1799305,
1799306,
1799307,
1799308,
1799309,
1799310,
2284504,
2284506,
374376,
1191495,
1191499,
1191137,
1191138,
1790093,
1790094,
1790095,
1790097,
1790098,
1790099,
1790100,
1790102,
1790103,
1790115,
1790116,
1790127,
1790128,
1790129,
1790131,
1790177,
1790178,
1790181,
1247774,
1919503,
1919504,
1919506,
1919507,
1919509,
1919510,
1919512,
1919513,
1919514,
1919515,
1919516,
3995,
836377,
107040,
836379,
360869,
836381,
836382,
836383,
836384,
836389,
849899,
849900,
849901,
849902,
1732171,
1732174,
1732182,
1732183,
1732184,
1732185,
1732186,
1732187,
375053,
379368,
1736560,
1736562,
1736564,
1736565,
1045453,
1045454,
1045456,
1045460,
1045458,
596724,
597848,
597851,
597852,
597855,
597857,
597853,
597856,
597850,
597849,
597854,
337525,
662281,
603202,
603203,
603205,
603206,
603207,
603208,
746604,
746606,
746607,
746609,
477321,
540423,
746605,
746608,
997652,
997653,
1002300,
1002299,
1088251,
1088250,
1088253,
1088252,
1088255,
1088254,
2002716,
2002717,
2002718,
2002719,
4089,
105557,
205562,
566462,
310194,
330431,
411244,
439380,
564083,
372082,
366197,
366516,
4179,
197687,
199315,
226719,
315912,
315913,
329753,
105592,
105593,
206831,
206832,
310248,
567639,
436879,
451835,
564107,
564108,
567640,
1734339,
1734340,
1734342,
1734343,
376890,
362881,
362972,
372132,
366233,
1869512,
1869513,
1869515,
1869516,
1869518,
1869520,
141704,
845505,
845507,
845508,
845510,
845512,
845514,
845515,
845516,
845517,
845518,
2056894,
2056895,
2056896,
2056897,
845506,
845511,
977426,
977427,
977431,
977429,
977433,
977434,
977436,
977435,
977437,
977438,
977440,
977439,
977430,
998188,
998189,
998191,
998190,
1119399,
1119400,
1119402,
1119401,
1308428,
1310138,
1308430,
1310144,
1308432,
1310147,
24698,
328431,
828705,
828706,
828709,
1740862,
1740863,
1740864,
1740865,
1740866,
393413,
828708,
877489,
877490,
877488,
1999307,
1999308,
1999310,
1999311,
1999314,
1999315,
1999316,
5552,
197797,
213282,
213283,
213284,
283475,
284561,
105602,
564113,
200342,
200343,
200344,
573195,
573196,
573197,
316067,
316068,
316069,
316070,
331560,
574990,
370658,
366459,
366743,
370657,
368144,
1665338,
1994359,
1994360,
1994361,
1994362,
2000016,
2000017,
2000018,
2000019,
2000020,
2000021,
2000022,
2000023,
2000024,
2000025,
2000026,
2000027,
2000028,
2000029,
2000030,
2000031,
1442981,
1442982,
1442986,
1442992,
1442988,
1442985,
1442989,
5650,
33764,
372458,
366177,
996151,
996153,
996155,
996156,
996168,
996167,
996157,
996158,
996173,
996172,
996159,
996160,
996175,
996174,
1791492,
1791493,
1791494,
1791495,
1791496,
1791497,
1791498,
1791499,
1791500,
1791501,
727484,
107034,
5657,
310974,
310976,
330459,
360864,
415171,
415172,
440545,
440546,
377251,
377128,
899367,
900173,
900175,
1791586,
1791587,
1791588,
1791589,
1791590,
1791591,
1791592,
1791593,
1791594,
1791595,
1791597,
1791598,
1791599,
1992544,
1992545,
1992546,
1992547,
1992548,
1992549,
18330,
829926,
829928,
1111,
807354,
807356,
2533832,
365907,
807355,
1804032,
1804033,
1804035,
1804036,
1804038,
1804039,
1251358,
1251359,
1311628,
1309691,
1313315,
1426894,
1426898,
1485046,
1546382,
1667210,
1942950,
1942951,
1942953,
1942954,
1942956,
1942957,
1942959,
1726104,
1726107,
1726109,
1726110,
1726112,
1726113,
1726115,
1726116,
1726117,
1726118,
1726119,
51499,
1719769,
1719772,
1719774,
1719777,
1719778,
1719779,
1726318,
1726319,
1726320,
1726321,
1726322,
1726323,
1726324,
1726325,
1726333,
1726335,
1726492,
2284502,
904159,
904161,
2362165,
2362230,
2362233,
2362234,
2362236,
2362237,
2362240,
2362241,
2362242,
2362243,
2362244,
2054156,
2054157,
2054158,
2054159,
1796664,
1796665,
1796537,
1796538,
1792373,
1792374,
1792377,
1792393,
1792392,
1603296,
1604341,
1604344,
1604345,
1604347,
1604348,
1604349,
1604350,
1604351,
1604352,
1604383,
1604384,
1604394,
1604395,
2531369,
2531371,
2531373,
2531374,
2531376,
2531377,
2531379,
6718,
197919,
199325,
311487,
317646,
105562,
105563,
332190,
431824,
564088,
564089,
1745087,
1745088,
1745090,
1740948,
1740949,
1740951,
1740952,
446276,
372756,
368873,
876399,
103,
197931,
316246,
199766,
206788,
567599,
332204,
372782,
368861,
1536481,
1536483,
1536486,
1536487,
1536484,
1536490,
1946772,
2377332,
2377335,
2377336,
2377339,
2377340,
2377333,
2377338,
2377341,
2377342,
2377343,
2377344,
2377345,
2377346,
2377347,
2377348,
2377349,
2377350,
2377351,
2377352,
2377353,
2377354,
6851,
245256,
283511,
283671,
284592,
284593,
284594,
284595,
311624,
311625,
311626,
315148,
331568,
331569,
332454,
332455,
346335,
1921591,
1921592,
1921594,
1921595,
1921598,
102953,
102954,
102956,
102958,
105585,
105586,
105587,
105588,
105589,
283510,
328404,
328406,
328407,
330028,
334051,
360547,
380984,
415045,
415046,
415063,
451557,
451938,
451941,
563189,
563190,
563192,
563194,
564104,
564105,
575019,
575020,
575021,
575022,
579780,
579782,
1747178,
1747179,
1747180,
1747181,
1747182,
1747183,
1747184,
1747185,
1747186,
1747187,
1747188,
1747189,
1747191,
1747192,
1747193,
1747194,
1747195,
1747196,
372835,
362547,
362736,
372836,
368665,
368588,
368138,
579781,
1150118,
1150117,
1441404,
1441410,
1441412,
1441417,
1441421,
1441423,
1441402,
1441407,
1441408,
1441409,
1441411,
1441413,
1441414,
1441415,
1441416,
1441418,
1441419,
1441420,
1441422,
1441424,
1441425,
1441426,
1594757,
1594759,
1594760,
1594761,
1544378,
1544380,
1544383,
1544384,
1544385,
1544386,
1544387,
1544388,
1544389,
1544390,
1544394,
1544395,
1544396,
1544397,
1544398,
1544399,
1544400,
1544401,
1544402,
1544403,
1544404,
1541215,
1541216,
1541217,
1541218,
1541220,
1541221,
1541222,
1541224,
1541225,
1541226,
1541227,
1541228,
1655955,
1655956,
1655957,
1655959,
1655960,
1655967,
1655968,
1659719,
1659721,
1656681,
1655203,
1655205,
1655252,
2375817,
2375818,
2375820,
2375821,
2375823,
632,
1812477,
1812478,
1812480,
1812481,
1812482,
1812483,
1812484,
1740892,
1740893,
1740894,
1740897,
1740898,
1740899,
1740900,
1244550,
1244552,
1244555,
1244556,
1244553,
1244558,
7005,
197989,
328493,
347721,
541576,
105603,
541575,
564114,
350195,
375173,
362966,
2181523,
2181524,
2181526,
2181527,
2561250,
2561253,
2561254,
2561257,
2561258,
2561251,
2561256,
1157,
150889,
150890,
1156,
581445,
581447,
377233,
363565,
362590,
581446,
861049,
861050,
861052,
861051,
875930,
1232190,
311957,
243661,
243531,
311962,
2001472,
2001474,
2001480,
2001486,
2001492,
245945,
429641,
2121691,
198758,
198759,
199143,
211682,
211683,
211684,
212576,
212577,
213275,
243781,
243782,
243783,
243967,
245437,
245438,
245439,
247747,
248198,
249235,
249977,
311944,
311945,
311946,
311948,
311949,
311951,
311952,
311953,
311954,
311955,
311958,
311959,
311963,
314116,
314131,
315157,
435115,
647346,
763228,
763232,
791838,
791846,
763236,
644112,
791834,
791842,
137732,
198024,
198760,
199290,
199877,
200015,
205247,
207662,
207663,
207664,
212578,
212579,
245440,
252510,
253038,
259049,
260852,
283092,
283591,
308390,
309910,
309911,
311950,
311960,
317015,
331209,
343273,
348329,
391943,
410115,
410778,
410779,
410887,
410888,
411086,
416246,
416247,
416248,
416343,
416344,
416529,
416567,
416571,
417387,
417394,
417482,
418073,
418076,
418443,
418444,
418445,
418446,
418447,
418466,
418467,
418468,
418502,
419069,
424100,
428542,
428543,
428544,
428545,
428772,
430027,
431001,
434326,
434553,
435112,
439417,
439677,
439868,
439870,
439872,
439874,
439876,
439877,
439878,
439881,
439883,
440453,
441177,
446432,
582041,
582042,
582043,
729605,
761907,
761909,
762970,
763167,
763170,
796544,
844934,
844935,
844936,
844976,
845082,
845088,
845089,
845090,
845092,
845093,
845094,
845123,
845124,
845125,
848987,
849668,
378466,
876858,
876861,
876863,
876866,
881376,
891522,
999935,
999939,
999942,
999946,
999940,
999941,
999947,
999948,
1087623,
1087298,
1087302,
1088779,
1098134,
1098135,
1098141,
1098142,
1098143,
1098144,
1095604,
1095608,
1102201,
1102196,
1102206,
1114602,
1119569,
1119573,
1234482,
1235389,
1241896,
1298310,
1298442,
1314666,
1314672,
1364854,
1364855,
1428828,
1539267,
1918231,
1918232,
1918235,
1918236,
1918238,
1918239,
1918242,
974779,
1442690,
1442693,
1442698,
1442695,
1656294,
1656296,
1656298,
1656299,
1942480,
1942481,
1942482,
1942483,
1942484,
1942485,
1942486,
1942487,
1942488,
1942489,
1597582,
1597583,
1597586,
1597587,
1597589,
1597590,
1597593,
1872478,
1872479,
1855735,
1855736,
1855738,
1855739,
1855741,
1855742,
1855744,
1855745,
1855746,
1721560,
1721561,
1721564,
1721565,
1721567,
1721568,
1721571,
1721580,
1721581,
1721582,
1721583,
32592,
358819,
575971,
1736775,
1736776,
1736777,
1736778,
1736779,
1736780,
1736781,
1736782,
1736783,
1736784,
1736785,
1736786,
1797528,
56946,
312199,
316429,
583214,
583218,
207322,
211698,
284250,
329138,
562526,
568102,
572041,
574740,
377111,
362968,
362920,
1546595,
1546596,
1546598,
1546599,
1546601,
1663180,
1663181,
1663183,
1663184,
2284101,
2284102,
2284103,
2284104,
2284105,
2284106,
2284107,
2284108,
1601374,
1601376,
1601379,
1601380,
1601382,
1601383,
1601386,
1601387,
1601388,
1601389,
1601390,
1601391,
1601392,
1601393,
1601394,
714438,
867500,
867502,
867506,
867504,
867507,
867508,
867510,
867509,
867501,
867505,
2119695,
2119696,
1792776,
1792777,
1792779,
1792780,
1792782,
1792783,
1792785,
1792786,
1792787,
1547545,
1547546,
1547551,
1657744,
1657745,
1657746,
1657747,
1657748,
1657749,
1657750,
1657751,
1657752,
1657753,
68446,
1728070,
1728071,
1728072,
1728073,
1728074,
1728075,
1728076,
1728077,
1728078,
1728079,
1944699,
1944700,
1944701,
1944702,
1944703,
1944704,
2382602,
2382607,
1294580,
1294581,
1294584,
1294587,
1294585,
1294583,
1294586,
1298944,
1298945,
1298948,
1298953,
1298950,
1657572,
1657574,
1657576,
1657577,
2473039,
2473040,
2473041,
2473042,
1726636,
1726637,
1726638,
1726639,
1364347,
1364348,
1364352,
1364358,
1364354,
1364359,
1364360,
1364362,
1364361,
1364351,
1364355,
1535989,
1535994,
1535922,
1657774,
1657775,
1657776,
1657777,
1657778,
1657779,
1657780,
1657781,
1312398,
1312401,
1312404,
1312405,
1312402,
1312408,
1312397,
1535218,
1658130,
1658131,
1658132,
1658133,
1658134,
1658135,
1658138,
1658139,
1658140,
1658141,
1193326,
1193327,
1193331,
1193337,
1193333,
1193342,
1193343,
1193345,
1193344,
1193346,
1193347,
1193349,
1193348,
1193350,
1193351,
1193353,
1193352,
1193338,
1193339,
1193341,
1193340,
1193330,
1193334,
495881,
597745,
597747,
615979,
615977,
597746,
615978,
357977,
616277,
616279,
616283,
616284,
616285,
616287,
616288,
616289,
616292,
616281,
616286,
616291,
616278,
616282,
1541889,
1541890,
1541927,
1541928,
4582,
335658,
252320,
410483,
451930,
374023,
451931,
37776,
261288,
261289,
261291,
313211,
331482,
331483,
835945,
835948,
261290,
313209,
313210,
317160,
330405,
330797,
574513,
574514,
574515,
574516,
700882,
700883,
700884,
700885,
705616,
705617,
705618,
705619,
1724292,
1724294,
374610,
366431,
657797,
722287,
722289,
725106,
725108,
1724304,
1724306,
1724308,
1724309,
1919206,
1919207,
1919209,
1919210,
1919211,
313360,
318248,
575228,
340261,
10473,
375319,
363194,
1660002,
1660003,
1660004,
1660008,
1660009,
57308,
342947,
452837,
637549,
747193,
747194,
747195,
748738,
748736,
748739,
637550,
748740,
1799414,
1799415,
1799416,
1799417,
1799418,
1799424,
1799425,
376889,
747192,
748737,
1425099,
1425100,
1425104,
1425110,
1425106,
1425111,
1425112,
1425114,
1425113,
1425115,
1425116,
1425118,
1425117,
1425103,
1425107,
2472793,
2107056,
2174807,
2179756,
2179762,
2119712,
2119717,
224905,
2169361,
1922507,
1922508,
1922509,
1922510,
1922511,
1922512,
1922515,
1922516,
1922517,
1922518,
806572,
806573,
806574,
806575,
2257299,
2267579,
2280735,
2289230,
2289236,
377216,
540885,
1658086,
1098413,
1098414,
1098416,
1098417,
1098418,
1098415,
1114074,
1114072,
1114096,
1114095,
1114073,
1147220,
1147221,
1147223,
1147228,
1147225,
1147222,
1147227,
1747556,
1747557,
1747560,
1747561,
1747563,
1747564,
1747567,
1747571,
1747572,
1747573,
1747574,
1747576,
1747577,
1747578,
1747579,
1747580,
1747575,
1251,
485246,
545206,
1726496,
1726497,
1726499,
1726500,
2396760,
2396763,
2396764,
2396766,
2396767,
2396770,
2396771,
2396772,
2396773,
2396774,
11198,
239178,
376857,
1804772,
11202,
1863342,
1863343,
1863346,
1863347,
1863349,
1863350,
1863354,
1863355,
1727297,
1727298,
2284505,
377037,
792848,
894899,
894900,
894901,
894902,
894903,
894904,
894892,
894894,
1304992,
1304995,
1305000,
1304997,
1360496,
39541,
565262,
330562,
1729404,
1729407,
1729418,
1729419,
1729420,
1729421,
1729422,
1729423,
4492,
212587,
213268,
213517,
213841,
239177,
246327,
284191,
284539,
329765,
329766,
332423,
334799,
343265,
92752,
574967,
105583,
105584,
153217,
197709,
199316,
573686,
213045,
310378,
310379,
310380,
315950,
572984,
331954,
392952,
487182,
487183,
562880,
573404,
1669867,
1669868,
1669870,
1669871,
1669873,
392953,
372228,
362845,
372227,
377700,
362409,
362219,
362325,
372229,
372230,
365453,
92751,
1791700,
1791701,
1791702,
1791703,
1791704,
1791705,
1791736,
1600380,
1600382,
